(kicad_pcb (version 20171130) (host pcbnew "(5.1.0)-1")

  (general
    (thickness 1.6)
    (drawings 13)
    (tracks 502)
    (zones 0)
    (modules 36)
    (nets 47)
  )

  (page A4)
  (layers
    (0 F.Cu signal)
    (31 B.Cu signal)
    (32 B.Adhes user)
    (33 F.Adhes user)
    (34 B.Paste user)
    (35 F.Paste user)
    (36 B.SilkS user)
    (37 F.SilkS user)
    (38 B.Mask user)
    (39 F.Mask user)
    (40 Dwgs.User user)
    (41 Cmts.User user)
    (42 Eco1.User user)
    (43 Eco2.User user)
    (44 Edge.Cuts user)
    (45 Margin user)
    (46 B.CrtYd user)
    (47 F.CrtYd user)
    (48 B.Fab user hide)
    (49 F.Fab user hide)
  )

  (setup
    (last_trace_width 0.2)
    (user_trace_width 0.2)
    (user_trace_width 0.35)
    (user_trace_width 0.5)
    (user_trace_width 0.8)
    (user_trace_width 1)
    (trace_clearance 0.2)
    (zone_clearance 0.408)
    (zone_45_only no)
    (trace_min 0.2)
    (via_size 0.8)
    (via_drill 0.4)
    (via_min_size 0.4)
    (via_min_drill 0.3)
    (user_via 0.6 0.4)
    (uvia_size 0.3)
    (uvia_drill 0.1)
    (uvias_allowed no)
    (uvia_min_size 0.2)
    (uvia_min_drill 0.1)
    (edge_width 0.05)
    (segment_width 0.2)
    (pcb_text_width 0.3)
    (pcb_text_size 1.5 1.5)
    (mod_edge_width 0.12)
    (mod_text_size 1 1)
    (mod_text_width 0.15)
    (pad_size 3.3 3.3)
    (pad_drill 0)
    (pad_to_mask_clearance 0.051)
    (solder_mask_min_width 0.25)
    (aux_axis_origin 107 108)
    (grid_origin 107 108)
    (visible_elements 7FFFFFFF)
    (pcbplotparams
      (layerselection 0x010fc_ffffffff)
      (usegerberextensions false)
      (usegerberattributes false)
      (usegerberadvancedattributes false)
      (creategerberjobfile false)
      (gerberprecision 5)
      (excludeedgelayer true)
      (linewidth 0.100000)
      (plotframeref false)
      (viasonmask false)
      (mode 1)
      (useauxorigin true)
      (hpglpennumber 1)
      (hpglpenspeed 20)
      (hpglpendiameter 15.000000)
      (psnegative false)
      (psa4output false)
      (plotreference true)
      (plotvalue false)
      (plotinvisibletext false)
      (padsonsilk false)
      (subtractmaskfromsilk true)
      (outputformat 1)
      (mirror false)
      (drillshape 0)
      (scaleselection 1)
      (outputdirectory "1602A_LCD-RTC  BACKPACK-GERBERS/"))
  )

  (net 0 "")
  (net 1 GND)
  (net 2 VCC)
  (net 3 AREF)
  (net 4 "Net-(C5-Pad2)")
  (net 5 RESET)
  (net 6 "Net-(D1-Pad2)")
  (net 7 "Net-(DS1-Pad3)")
  (net 8 D12)
  (net 9 D11)
  (net 10 "Net-(DS1-Pad7)")
  (net 11 "Net-(DS1-Pad8)")
  (net 12 "Net-(DS1-Pad9)")
  (net 13 "Net-(DS1-Pad10)")
  (net 14 D5)
  (net 15 D4)
  (net 16 D3)
  (net 17 D2)
  (net 18 "Net-(DS1-Pad15)")
  (net 19 A0)
  (net 20 RXD)
  (net 21 A1)
  (net 22 TXD)
  (net 23 A2)
  (net 24 D6)
  (net 25 A3)
  (net 26 D7)
  (net 27 SCL)
  (net 28 D8)
  (net 29 SDA)
  (net 30 D9)
  (net 31 A6)
  (net 32 D10)
  (net 33 A7)
  (net 34 D13)
  (net 35 "Net-(Q1-Pad1)")
  (net 36 "Net-(Q2-Pad1)")
  (net 37 "Net-(U3-Pad1)")
  (net 38 "Net-(U3-Pad3)")
  (net 39 "Net-(U3-Pad4)")
  (net 40 DCIN)
  (net 41 "Net-(DS1-Pad16)")
  (net 42 "Net-(JP1-Pad1)")
  (net 43 "Net-(BT1-Pad1)")
  (net 44 "Net-(D2-Pad2)")
  (net 45 "Net-(C4-Pad2)")
  (net 46 "Net-(C6-Pad1)")

  (net_class Default "This is the default net class."
    (clearance 0.2)
    (trace_width 0.2)
    (via_dia 0.8)
    (via_drill 0.4)
    (uvia_dia 0.3)
    (uvia_drill 0.1)
    (add_net A0)
    (add_net A1)
    (add_net A2)
    (add_net A3)
    (add_net A6)
    (add_net A7)
    (add_net AREF)
    (add_net D10)
    (add_net D11)
    (add_net D12)
    (add_net D13)
    (add_net D2)
    (add_net D3)
    (add_net D4)
    (add_net D5)
    (add_net D6)
    (add_net D7)
    (add_net D8)
    (add_net D9)
    (add_net DCIN)
    (add_net GND)
    (add_net "Net-(BT1-Pad1)")
    (add_net "Net-(C4-Pad2)")
    (add_net "Net-(C5-Pad2)")
    (add_net "Net-(C6-Pad1)")
    (add_net "Net-(D1-Pad2)")
    (add_net "Net-(D2-Pad2)")
    (add_net "Net-(DS1-Pad10)")
    (add_net "Net-(DS1-Pad15)")
    (add_net "Net-(DS1-Pad16)")
    (add_net "Net-(DS1-Pad3)")
    (add_net "Net-(DS1-Pad7)")
    (add_net "Net-(DS1-Pad8)")
    (add_net "Net-(DS1-Pad9)")
    (add_net "Net-(JP1-Pad1)")
    (add_net "Net-(Q1-Pad1)")
    (add_net "Net-(Q2-Pad1)")
    (add_net "Net-(U3-Pad1)")
    (add_net "Net-(U3-Pad3)")
    (add_net "Net-(U3-Pad4)")
    (add_net RESET)
    (add_net RXD)
    (add_net SCL)
    (add_net SDA)
    (add_net TXD)
    (add_net VCC)
  )

  (module Display:WC1602A locked (layer F.Cu) (tedit 61A2170C) (tstamp 60E124B4)
    (at 115.0191 74.5093)
    (descr "LCD 16x2 http://www.wincomlcd.com/pdf/WC1602A-SFYLYHTC06.pdf")
    (tags "LCD 16x2 Alphanumeric 16pin")
    (path /60D12F55)
    (fp_text reference DS1 (at -0.0079 2.3511) (layer F.SilkS)
      (effects (font (size 1 1) (thickness 0.15)))
    )
    (fp_text value WC1602A (at -4.31 34.66) (layer F.Fab)
      (effects (font (size 1 1) (thickness 0.15)))
    )
    (fp_line (start -8 33.5) (end -8 -2.5) (layer F.Fab) (width 0.1))
    (fp_line (start 72 33.5) (end -8 33.5) (layer F.Fab) (width 0.1))
    (fp_line (start 72 -2.5) (end 72 33.5) (layer F.Fab) (width 0.1))
    (fp_line (start 1 -2.5) (end 72 -2.5) (layer F.Fab) (width 0.1))
    (fp_text user %R (at 30.37 14.74) (layer F.Fab)
      (effects (font (size 1 1) (thickness 0.1)))
    )
    (fp_line (start -1 -2.5) (end -8 -2.5) (layer F.Fab) (width 0.1))
    (fp_line (start 0 -1.5) (end -1 -2.5) (layer F.Fab) (width 0.1))
    (fp_line (start 1 -2.5) (end 0 -1.5) (layer F.Fab) (width 0.1))
    (pad "" thru_hole circle (at 69.5 0) (size 3 3) (drill 2.5) (layers *.Cu *.Mask))
    (pad "" thru_hole circle (at 69.49948 31.0007) (size 3 3) (drill 2.5) (layers *.Cu *.Mask))
    (pad "" thru_hole circle (at -5.4991 31.0007) (size 3 3) (drill 2.5) (layers *.Cu *.Mask))
    (pad "" thru_hole circle (at -5.4991 0) (size 3 3) (drill 2.5) (layers *.Cu *.Mask))
    (pad 16 thru_hole oval (at 38.1 0) (size 1.8 2.6) (drill 1.2) (layers *.Cu *.Mask)
      (net 41 "Net-(DS1-Pad16)"))
    (pad 15 thru_hole oval (at 35.56 0) (size 1.8 2.6) (drill 1.2) (layers *.Cu *.Mask)
      (net 18 "Net-(DS1-Pad15)"))
    (pad 14 thru_hole oval (at 33.02 0) (size 1.8 2.6) (drill 1.2) (layers *.Cu *.Mask)
      (net 17 D2))
    (pad 13 thru_hole oval (at 30.48 0) (size 1.8 2.6) (drill 1.2) (layers *.Cu *.Mask)
      (net 16 D3))
    (pad 12 thru_hole oval (at 27.94 0) (size 1.8 2.6) (drill 1.2) (layers *.Cu *.Mask)
      (net 15 D4))
    (pad 11 thru_hole oval (at 25.4 0) (size 1.8 2.6) (drill 1.2) (layers *.Cu *.Mask)
      (net 14 D5))
    (pad 10 thru_hole oval (at 22.86 0) (size 1.8 2.6) (drill 1.2) (layers *.Cu *.Mask)
      (net 13 "Net-(DS1-Pad10)"))
    (pad 9 thru_hole oval (at 20.32 0) (size 1.8 2.6) (drill 1.2) (layers *.Cu *.Mask)
      (net 12 "Net-(DS1-Pad9)"))
    (pad 8 thru_hole oval (at 17.78 0) (size 1.8 2.6) (drill 1.2) (layers *.Cu *.Mask)
      (net 11 "Net-(DS1-Pad8)"))
    (pad 7 thru_hole oval (at 15.24 0) (size 1.8 2.6) (drill 1.2) (layers *.Cu *.Mask)
      (net 10 "Net-(DS1-Pad7)"))
    (pad 6 thru_hole oval (at 12.7 0) (size 1.8 2.6) (drill 1.2) (layers *.Cu *.Mask)
      (net 24 D6))
    (pad 5 thru_hole oval (at 10.16 0) (size 1.8 2.6) (drill 1.2) (layers *.Cu *.Mask)
      (net 1 GND))
    (pad 4 thru_hole oval (at 7.62 0) (size 1.8 2.6) (drill 1.2) (layers *.Cu *.Mask)
      (net 26 D7))
    (pad 3 thru_hole oval (at 5.08 0) (size 1.8 2.6) (drill 1.2) (layers *.Cu *.Mask)
      (net 7 "Net-(DS1-Pad3)"))
    (pad 2 thru_hole oval (at 2.54 0) (size 1.8 2.6) (drill 1.2) (layers *.Cu *.Mask)
      (net 2 VCC))
    (pad 1 thru_hole rect (at 0 0) (size 1.8 2.6) (drill 1.2) (layers *.Cu *.Mask)
      (net 1 GND))
    (model ${KISYS3DMOD}/Display.3dshapes/WC1602A.wrl
      (at (xyz 0 0 0))
      (scale (xyz 1 1 1))
      (rotate (xyz 0 0 0))
    )
  )

  (module Resistor_SMD:R_1206_3216Metric_Pad1.42x1.75mm_HandSolder (layer B.Cu) (tedit 5B301BBD) (tstamp 616B4859)
    (at 150.5791 79.248 270)
    (descr "Resistor SMD 1206 (3216 Metric), square (rectangular) end terminal, IPC_7351 nominal with elongated pad for handsoldering. (Body size source: http://www.tortai-tech.com/upload/download/2011102023233369053.pdf), generated with kicad-footprint-generator")
    (tags "resistor handsolder")
    (path /60F1EE45)
    (attr smd)
    (fp_text reference R4 (at -2.794 0) (layer B.SilkS)
      (effects (font (size 1 1) (thickness 0.15)) (justify mirror))
    )
    (fp_text value 330 (at 0 -1.82 270) (layer B.Fab)
      (effects (font (size 1 1) (thickness 0.15)) (justify mirror))
    )
    (fp_line (start -1.6 -0.8) (end -1.6 0.8) (layer B.Fab) (width 0.1))
    (fp_line (start -1.6 0.8) (end 1.6 0.8) (layer B.Fab) (width 0.1))
    (fp_line (start 1.6 0.8) (end 1.6 -0.8) (layer B.Fab) (width 0.1))
    (fp_line (start 1.6 -0.8) (end -1.6 -0.8) (layer B.Fab) (width 0.1))
    (fp_line (start -0.602064 0.91) (end 0.602064 0.91) (layer B.SilkS) (width 0.12))
    (fp_line (start -0.602064 -0.91) (end 0.602064 -0.91) (layer B.SilkS) (width 0.12))
    (fp_line (start -2.45 -1.12) (end -2.45 1.12) (layer B.CrtYd) (width 0.05))
    (fp_line (start -2.45 1.12) (end 2.45 1.12) (layer B.CrtYd) (width 0.05))
    (fp_line (start 2.45 1.12) (end 2.45 -1.12) (layer B.CrtYd) (width 0.05))
    (fp_line (start 2.45 -1.12) (end -2.45 -1.12) (layer B.CrtYd) (width 0.05))
    (fp_text user %R (at 0 0 270) (layer B.Fab)
      (effects (font (size 0.8 0.8) (thickness 0.12)) (justify mirror))
    )
    (pad 1 smd roundrect (at -1.4875 0 270) (size 1.425 1.75) (layers B.Cu B.Paste B.Mask) (roundrect_rratio 0.175439)
      (net 18 "Net-(DS1-Pad15)"))
    (pad 2 smd roundrect (at 1.4875 0 270) (size 1.425 1.75) (layers B.Cu B.Paste B.Mask) (roundrect_rratio 0.175439)
      (net 2 VCC))
    (model ${KISYS3DMOD}/Resistor_SMD.3dshapes/R_1206_3216Metric.wrl
      (at (xyz 0 0 0))
      (scale (xyz 1 1 1))
      (rotate (xyz 0 0 0))
    )
  )

  (module TerminalBlock:TerminalBlock_bornier-2_P5.08mm (layer B.Cu) (tedit 6177C034) (tstamp 60E124C9)
    (at 110.21 98.25 90)
    (descr "simple 2-pin terminal block, pitch 5.08mm, revamped version of bornier2")
    (tags "terminal block bornier2")
    (path /60D48563)
    (fp_text reference J1 (at 2.84226 2.35204 90) (layer B.SilkS) hide
      (effects (font (size 1 1) (thickness 0.15)) (justify mirror))
    )
    (fp_text value "DC IN" (at 2.54 -5.08 90) (layer B.Fab)
      (effects (font (size 1 1) (thickness 0.15)) (justify mirror))
    )
    (fp_line (start 7.79 -4) (end -2.71 -4) (layer B.CrtYd) (width 0.05))
    (fp_line (start 7.79 -4) (end 7.79 4) (layer B.CrtYd) (width 0.05))
    (fp_line (start -2.71 4) (end -2.71 -4) (layer B.CrtYd) (width 0.05))
    (fp_line (start -2.71 4) (end 7.79 4) (layer B.CrtYd) (width 0.05))
    (fp_line (start -2.54 3.81) (end -2.54 -2.54) (layer B.SilkS) (width 0.12))
    (fp_line (start 7.62 3.81) (end -2.54 3.81) (layer B.SilkS) (width 0.12))
    (fp_line (start 7.62 -2.54) (end 7.62 3.81) (layer B.SilkS) (width 0.12))
    (fp_line (start 7.62 -2.54) (end -2.54 -2.54) (layer B.SilkS) (width 0.12))
    (fp_line (start 7.54 3.75) (end -2.46 3.75) (layer B.Fab) (width 0.1))
    (fp_line (start 7.54 -3.75) (end 7.54 3.75) (layer B.Fab) (width 0.1))
    (fp_line (start -2.46 -3.75) (end 7.54 -3.75) (layer B.Fab) (width 0.1))
    (fp_line (start -2.46 3.75) (end -2.46 -3.75) (layer B.Fab) (width 0.1))
    (fp_line (start -2.41 -2.55) (end 7.49 -2.55) (layer B.Fab) (width 0.1))
    (fp_text user %R (at 2.54 0 90) (layer B.Fab)
      (effects (font (size 1 1) (thickness 0.15)) (justify mirror))
    )
    (pad 2 thru_hole circle (at 5.08 0 90) (size 3 3) (drill 1.52) (layers *.Cu *.Mask)
      (net 1 GND))
    (pad 1 thru_hole rect (at 0 0 90) (size 3 3) (drill 1.52) (layers *.Cu *.Mask)
      (net 6 "Net-(D1-Pad2)"))
    (model ${KISYS3DMOD}/TerminalBlock.3dshapes/TerminalBlock_bornier-2_P5.08mm.wrl
      (offset (xyz 2.539999961853027 0 0))
      (scale (xyz 1 1 1))
      (rotate (xyz 0 0 0))
    )
  )

  (module Capacitor_Tantalum_SMD:CP_EIA-3528-21_Kemet-B (layer B.Cu) (tedit 5B342532) (tstamp 60E123DA)
    (at 117.602 89.8398 180)
    (descr "Tantalum Capacitor SMD Kemet-B (3528-21 Metric), IPC_7351 nominal, (Body size from: http://www.kemet.com/Lists/ProductCatalog/Attachments/253/KEM_TC101_STD.pdf), generated with kicad-footprint-generator")
    (tags "capacitor tantalum")
    (path /60D2DDE6)
    (attr smd)
    (fp_text reference C2 (at 2.921 0.0508 270) (layer B.SilkS)
      (effects (font (size 1 1) (thickness 0.15)) (justify mirror))
    )
    (fp_text value 22uF (at 0 -2.35 180) (layer B.Fab)
      (effects (font (size 1 1) (thickness 0.15)) (justify mirror))
    )
    (fp_line (start 1.75 1.4) (end -1.05 1.4) (layer B.Fab) (width 0.1))
    (fp_line (start -1.05 1.4) (end -1.75 0.7) (layer B.Fab) (width 0.1))
    (fp_line (start -1.75 0.7) (end -1.75 -1.4) (layer B.Fab) (width 0.1))
    (fp_line (start -1.75 -1.4) (end 1.75 -1.4) (layer B.Fab) (width 0.1))
    (fp_line (start 1.75 -1.4) (end 1.75 1.4) (layer B.Fab) (width 0.1))
    (fp_line (start 1.75 1.51) (end -2.46 1.51) (layer B.SilkS) (width 0.12))
    (fp_line (start -2.46 1.51) (end -2.46 -1.51) (layer B.SilkS) (width 0.12))
    (fp_line (start -2.46 -1.51) (end 1.75 -1.51) (layer B.SilkS) (width 0.12))
    (fp_line (start -2.45 -1.65) (end -2.45 1.65) (layer B.CrtYd) (width 0.05))
    (fp_line (start -2.45 1.65) (end 2.45 1.65) (layer B.CrtYd) (width 0.05))
    (fp_line (start 2.45 1.65) (end 2.45 -1.65) (layer B.CrtYd) (width 0.05))
    (fp_line (start 2.45 -1.65) (end -2.45 -1.65) (layer B.CrtYd) (width 0.05))
    (fp_text user %R (at 0 0 180) (layer B.Fab)
      (effects (font (size 0.88 0.88) (thickness 0.13)) (justify mirror))
    )
    (pad 1 smd roundrect (at -1.5375 0 180) (size 1.325 2.35) (layers B.Cu B.Paste B.Mask) (roundrect_rratio 0.188679)
      (net 2 VCC))
    (pad 2 smd roundrect (at 1.5375 0 180) (size 1.325 2.35) (layers B.Cu B.Paste B.Mask) (roundrect_rratio 0.188679)
      (net 1 GND))
    (model ${KISYS3DMOD}/Capacitor_Tantalum_SMD.3dshapes/CP_EIA-3528-21_Kemet-B.wrl
      (at (xyz 0 0 0))
      (scale (xyz 1 1 1))
      (rotate (xyz 0 0 0))
    )
  )

  (module Battery:BatteryHolder_Keystone_3000_1x12mm (layer B.Cu) (tedit 62160B56) (tstamp 616BD5C0)
    (at 180.0606 89.9668 270)
    (descr http://www.keyelco.com/product-pdf.cfm?p=777)
    (tags "Keystone type 3000 coin cell retainer")
    (path /60E05E6A)
    (attr smd)
    (fp_text reference BT1 (at 0 8 270) (layer B.SilkS) hide
      (effects (font (size 1 1) (thickness 0.15)) (justify mirror))
    )
    (fp_text value BATT-COIN (at 0 -7.5 270) (layer B.Fab)
      (effects (font (size 1 1) (thickness 0.15)) (justify mirror))
    )
    (fp_text user %R (at 0 0 270) (layer B.Fab)
      (effects (font (size 1 1) (thickness 0.15)) (justify mirror))
    )
    (fp_circle (center 0 0) (end 0 -6.25) (layer Dwgs.User) (width 0.15))
    (fp_arc (start 5.29 -4.6) (end 4.5 -5.2) (angle 60) (layer B.SilkS) (width 0.12))
    (fp_arc (start -5.29 -4.6) (end -4.5 -5.2) (angle -60) (layer B.SilkS) (width 0.12))
    (fp_arc (start 0 -8.9) (end -4.5 -5.2) (angle -101) (layer B.SilkS) (width 0.12))
    (fp_arc (start 5.29 -4.6) (end 4.6 -5.1) (angle 60) (layer B.Fab) (width 0.1))
    (fp_arc (start -5.29 -4.6) (end -4.6 -5.1) (angle -60) (layer B.Fab) (width 0.1))
    (fp_arc (start 0 -8.9) (end -4.6 -5.1) (angle -101) (layer B.Fab) (width 0.1))
    (fp_arc (start 5.25 -4.1) (end 5.3 -5.6) (angle 90) (layer B.SilkS) (width 0.12))
    (fp_arc (start -5.25 -4.1) (end -5.3 -5.6) (angle -90) (layer B.SilkS) (width 0.12))
    (fp_line (start 6.75 -2) (end 6.75 -4.1) (layer B.SilkS) (width 0.12))
    (fp_line (start -6.75 -2) (end -6.75 -4.1) (layer B.SilkS) (width 0.12))
    (fp_arc (start 5.25 -4.1) (end 5.3 -5.45) (angle 90) (layer B.Fab) (width 0.1))
    (fp_line (start -6.75 2) (end -6.75 3.45) (layer B.SilkS) (width 0.12))
    (fp_line (start -6.75 3.45) (end -4.15 6.05) (layer B.SilkS) (width 0.12))
    (fp_line (start -4.15 6.05) (end -4.15 6.85) (layer B.SilkS) (width 0.12))
    (fp_line (start -4.15 6.85) (end 4.15 6.85) (layer B.SilkS) (width 0.12))
    (fp_line (start 4.15 6.85) (end 4.15 6.05) (layer B.SilkS) (width 0.12))
    (fp_line (start 4.15 6.05) (end 6.75 3.45) (layer B.SilkS) (width 0.12))
    (fp_line (start 6.75 3.45) (end 6.75 2) (layer B.SilkS) (width 0.12))
    (fp_arc (start -5.25 -4.1) (end -5.3 -5.45) (angle -90) (layer B.Fab) (width 0.1))
    (fp_line (start 6.6 3.4) (end 6.6 -4.1) (layer B.Fab) (width 0.1))
    (fp_line (start -6.6 3.4) (end -6.6 -4.1) (layer B.Fab) (width 0.1))
    (fp_line (start 4 6) (end 6.6 3.4) (layer B.Fab) (width 0.1))
    (fp_line (start -4 6) (end -6.6 3.4) (layer B.Fab) (width 0.1))
    (fp_line (start 4 6.7) (end 4 6) (layer B.Fab) (width 0.1))
    (fp_line (start -4 6.7) (end -4 6) (layer B.Fab) (width 0.1))
    (fp_line (start -4 6.7) (end 4 6.7) (layer B.Fab) (width 0.1))
    (pad 1 smd rect (at -7.9 0 270) (size 3.3 3.3) (layers B.Cu B.Paste B.Mask)
      (net 43 "Net-(BT1-Pad1)") (clearance 0.5))
    (pad 1 smd rect (at 7.9 0 270) (size 3.3 3.3) (layers B.Cu B.Paste B.Mask)
      (clearance 0.5))
    (pad 2 smd rect (at 0 0 270) (size 4 4) (layers B.Cu B.Mask)
      (net 1 GND))
    (model ${KISYS3DMOD}/Battery.3dshapes/BatteryHolder_Keystone_3000_1x12mm.wrl
      (at (xyz 0 0 0))
      (scale (xyz 1 1 1))
      (rotate (xyz 0 0 0))
    )
  )

  (module Package_TO_SOT_SMD:TO-252-2 (layer B.Cu) (tedit 5A70A390) (tstamp 60E12622)
    (at 119.0625 97.155 90)
    (descr "TO-252 / DPAK SMD package, http://www.infineon.com/cms/en/product/packages/PG-TO252/PG-TO252-3-1/")
    (tags "DPAK TO-252 DPAK-3 TO-252-3 SOT-428")
    (path /60D47DC7)
    (attr smd)
    (fp_text reference U1 (at 6.2865 2.0955) (layer B.SilkS)
      (effects (font (size 1 1) (thickness 0.15)) (justify mirror))
    )
    (fp_text value NCP1117-5.0_TO252 (at 0 -4.5 90) (layer B.Fab)
      (effects (font (size 1 1) (thickness 0.15)) (justify mirror))
    )
    (fp_line (start 3.95 2.7) (end 4.95 2.7) (layer B.Fab) (width 0.1))
    (fp_line (start 4.95 2.7) (end 4.95 -2.7) (layer B.Fab) (width 0.1))
    (fp_line (start 4.95 -2.7) (end 3.95 -2.7) (layer B.Fab) (width 0.1))
    (fp_line (start 3.95 3.25) (end 3.95 -3.25) (layer B.Fab) (width 0.1))
    (fp_line (start 3.95 -3.25) (end -2.27 -3.25) (layer B.Fab) (width 0.1))
    (fp_line (start -2.27 -3.25) (end -2.27 2.25) (layer B.Fab) (width 0.1))
    (fp_line (start -2.27 2.25) (end -1.27 3.25) (layer B.Fab) (width 0.1))
    (fp_line (start -1.27 3.25) (end 3.95 3.25) (layer B.Fab) (width 0.1))
    (fp_line (start -1.865 2.655) (end -4.97 2.655) (layer B.Fab) (width 0.1))
    (fp_line (start -4.97 2.655) (end -4.97 1.905) (layer B.Fab) (width 0.1))
    (fp_line (start -4.97 1.905) (end -2.27 1.905) (layer B.Fab) (width 0.1))
    (fp_line (start -2.27 -1.905) (end -4.97 -1.905) (layer B.Fab) (width 0.1))
    (fp_line (start -4.97 -1.905) (end -4.97 -2.655) (layer B.Fab) (width 0.1))
    (fp_line (start -4.97 -2.655) (end -2.27 -2.655) (layer B.Fab) (width 0.1))
    (fp_line (start -0.97 3.45) (end -2.47 3.45) (layer B.SilkS) (width 0.12))
    (fp_line (start -2.47 3.45) (end -2.47 3.18) (layer B.SilkS) (width 0.12))
    (fp_line (start -2.47 3.18) (end -5.3 3.18) (layer B.SilkS) (width 0.12))
    (fp_line (start -0.97 -3.45) (end -2.47 -3.45) (layer B.SilkS) (width 0.12))
    (fp_line (start -2.47 -3.45) (end -2.47 -3.18) (layer B.SilkS) (width 0.12))
    (fp_line (start -2.47 -3.18) (end -3.57 -3.18) (layer B.SilkS) (width 0.12))
    (fp_line (start -5.55 3.5) (end -5.55 -3.5) (layer B.CrtYd) (width 0.05))
    (fp_line (start -5.55 -3.5) (end 5.55 -3.5) (layer B.CrtYd) (width 0.05))
    (fp_line (start 5.55 -3.5) (end 5.55 3.5) (layer B.CrtYd) (width 0.05))
    (fp_line (start 5.55 3.5) (end -5.55 3.5) (layer B.CrtYd) (width 0.05))
    (fp_text user %R (at 0 0 90) (layer B.Fab)
      (effects (font (size 1 1) (thickness 0.15)) (justify mirror))
    )
    (pad 1 smd rect (at -4.2 2.28 90) (size 2.2 1.2) (layers B.Cu B.Paste B.Mask)
      (net 1 GND))
    (pad 3 smd rect (at -4.2 -2.28 90) (size 2.2 1.2) (layers B.Cu B.Paste B.Mask)
      (net 40 DCIN))
    (pad 2 smd rect (at 2.1 0 90) (size 6.4 5.8) (layers B.Cu B.Mask)
      (net 2 VCC))
    (pad "" smd rect (at 3.775 -1.525 90) (size 3.05 2.75) (layers B.Paste))
    (pad "" smd rect (at 0.425 1.525 90) (size 3.05 2.75) (layers B.Paste))
    (pad "" smd rect (at 3.775 1.525 90) (size 3.05 2.75) (layers B.Paste))
    (pad "" smd rect (at 0.425 -1.525 90) (size 3.05 2.75) (layers B.Paste))
    (model ${KISYS3DMOD}/Package_TO_SOT_SMD.3dshapes/TO-252-2.wrl
      (at (xyz 0 0 0))
      (scale (xyz 1 1 1))
      (rotate (xyz 0 0 0))
    )
  )

  (module Resistor_SMD:R_0805_2012Metric_Pad1.15x1.40mm_HandSolder (layer B.Cu) (tedit 5B36C52B) (tstamp 60EE2D09)
    (at 160.401 79.883 270)
    (descr "Resistor SMD 0805 (2012 Metric), square (rectangular) end terminal, IPC_7351 nominal with elongated pad for handsoldering. (Body size source: https://docs.google.com/spreadsheets/d/1BsfQQcO9C6DZCsRaXUlFlo91Tg2WpOkGARC1WS5S8t0/edit?usp=sharing), generated with kicad-footprint-generator")
    (tags "resistor handsolder")
    (path /60EDBE21)
    (attr smd)
    (fp_text reference R8 (at -2.413 0.0127) (layer B.SilkS)
      (effects (font (size 1 1) (thickness 0.15)) (justify mirror))
    )
    (fp_text value 10K (at 0 -1.65 270) (layer B.Fab)
      (effects (font (size 1 1) (thickness 0.15)) (justify mirror))
    )
    (fp_line (start -1 -0.6) (end -1 0.6) (layer B.Fab) (width 0.1))
    (fp_line (start -1 0.6) (end 1 0.6) (layer B.Fab) (width 0.1))
    (fp_line (start 1 0.6) (end 1 -0.6) (layer B.Fab) (width 0.1))
    (fp_line (start 1 -0.6) (end -1 -0.6) (layer B.Fab) (width 0.1))
    (fp_line (start -0.261252 0.71) (end 0.261252 0.71) (layer B.SilkS) (width 0.12))
    (fp_line (start -0.261252 -0.71) (end 0.261252 -0.71) (layer B.SilkS) (width 0.12))
    (fp_line (start -1.85 -0.95) (end -1.85 0.95) (layer B.CrtYd) (width 0.05))
    (fp_line (start -1.85 0.95) (end 1.85 0.95) (layer B.CrtYd) (width 0.05))
    (fp_line (start 1.85 0.95) (end 1.85 -0.95) (layer B.CrtYd) (width 0.05))
    (fp_line (start 1.85 -0.95) (end -1.85 -0.95) (layer B.CrtYd) (width 0.05))
    (fp_text user %R (at 0 0 270) (layer B.Fab)
      (effects (font (size 0.5 0.5) (thickness 0.08)) (justify mirror))
    )
    (pad 1 smd roundrect (at -1.025 0 270) (size 1.15 1.4) (layers B.Cu B.Paste B.Mask) (roundrect_rratio 0.217391)
      (net 2 VCC))
    (pad 2 smd roundrect (at 1.025 0 270) (size 1.15 1.4) (layers B.Cu B.Paste B.Mask) (roundrect_rratio 0.217391)
      (net 27 SCL))
    (model ${KISYS3DMOD}/Resistor_SMD.3dshapes/R_0805_2012Metric.wrl
      (at (xyz 0 0 0))
      (scale (xyz 1 1 1))
      (rotate (xyz 0 0 0))
    )
  )

  (module Resistor_SMD:R_0805_2012Metric_Pad1.15x1.40mm_HandSolder (layer B.Cu) (tedit 5B36C52B) (tstamp 60E8BB24)
    (at 158.4753 79.883 270)
    (descr "Resistor SMD 0805 (2012 Metric), square (rectangular) end terminal, IPC_7351 nominal with elongated pad for handsoldering. (Body size source: https://docs.google.com/spreadsheets/d/1BsfQQcO9C6DZCsRaXUlFlo91Tg2WpOkGARC1WS5S8t0/edit?usp=sharing), generated with kicad-footprint-generator")
    (tags "resistor handsolder")
    (path /60D2C20A)
    (attr smd)
    (fp_text reference R7 (at -2.4384 0) (layer B.SilkS)
      (effects (font (size 1 1) (thickness 0.15)) (justify mirror))
    )
    (fp_text value 10K (at 0 -1.65 270) (layer B.Fab)
      (effects (font (size 1 1) (thickness 0.15)) (justify mirror))
    )
    (fp_text user %R (at 0 0 270) (layer B.Fab)
      (effects (font (size 0.5 0.5) (thickness 0.08)) (justify mirror))
    )
    (fp_line (start 1.85 -0.95) (end -1.85 -0.95) (layer B.CrtYd) (width 0.05))
    (fp_line (start 1.85 0.95) (end 1.85 -0.95) (layer B.CrtYd) (width 0.05))
    (fp_line (start -1.85 0.95) (end 1.85 0.95) (layer B.CrtYd) (width 0.05))
    (fp_line (start -1.85 -0.95) (end -1.85 0.95) (layer B.CrtYd) (width 0.05))
    (fp_line (start -0.261252 -0.71) (end 0.261252 -0.71) (layer B.SilkS) (width 0.12))
    (fp_line (start -0.261252 0.71) (end 0.261252 0.71) (layer B.SilkS) (width 0.12))
    (fp_line (start 1 -0.6) (end -1 -0.6) (layer B.Fab) (width 0.1))
    (fp_line (start 1 0.6) (end 1 -0.6) (layer B.Fab) (width 0.1))
    (fp_line (start -1 0.6) (end 1 0.6) (layer B.Fab) (width 0.1))
    (fp_line (start -1 -0.6) (end -1 0.6) (layer B.Fab) (width 0.1))
    (pad 2 smd roundrect (at 1.025 0 270) (size 1.15 1.4) (layers B.Cu B.Paste B.Mask) (roundrect_rratio 0.217391)
      (net 29 SDA))
    (pad 1 smd roundrect (at -1.025 0 270) (size 1.15 1.4) (layers B.Cu B.Paste B.Mask) (roundrect_rratio 0.217391)
      (net 2 VCC))
    (model ${KISYS3DMOD}/Resistor_SMD.3dshapes/R_0805_2012Metric.wrl
      (at (xyz 0 0 0))
      (scale (xyz 1 1 1))
      (rotate (xyz 0 0 0))
    )
  )

  (module Resistor_SMD:R_0805_2012Metric_Pad1.15x1.40mm_HandSolder (layer B.Cu) (tedit 5B36C52B) (tstamp 60E1258B)
    (at 155.4588 79.883 270)
    (descr "Resistor SMD 0805 (2012 Metric), square (rectangular) end terminal, IPC_7351 nominal with elongated pad for handsoldering. (Body size source: https://docs.google.com/spreadsheets/d/1BsfQQcO9C6DZCsRaXUlFlo91Tg2WpOkGARC1WS5S8t0/edit?usp=sharing), generated with kicad-footprint-generator")
    (tags "resistor handsolder")
    (path /60FA32B7)
    (attr smd)
    (fp_text reference R6 (at -2.4892 0.0254) (layer B.SilkS)
      (effects (font (size 1 1) (thickness 0.15)) (justify mirror))
    )
    (fp_text value 6.8K (at 0 -1.65 270) (layer B.Fab)
      (effects (font (size 1 1) (thickness 0.15)) (justify mirror))
    )
    (fp_text user %R (at 0 0 270) (layer B.Fab)
      (effects (font (size 0.5 0.5) (thickness 0.08)) (justify mirror))
    )
    (fp_line (start 1.85 -0.95) (end -1.85 -0.95) (layer B.CrtYd) (width 0.05))
    (fp_line (start 1.85 0.95) (end 1.85 -0.95) (layer B.CrtYd) (width 0.05))
    (fp_line (start -1.85 0.95) (end 1.85 0.95) (layer B.CrtYd) (width 0.05))
    (fp_line (start -1.85 -0.95) (end -1.85 0.95) (layer B.CrtYd) (width 0.05))
    (fp_line (start -0.261252 -0.71) (end 0.261252 -0.71) (layer B.SilkS) (width 0.12))
    (fp_line (start -0.261252 0.71) (end 0.261252 0.71) (layer B.SilkS) (width 0.12))
    (fp_line (start 1 -0.6) (end -1 -0.6) (layer B.Fab) (width 0.1))
    (fp_line (start 1 0.6) (end 1 -0.6) (layer B.Fab) (width 0.1))
    (fp_line (start -1 0.6) (end 1 0.6) (layer B.Fab) (width 0.1))
    (fp_line (start -1 -0.6) (end -1 0.6) (layer B.Fab) (width 0.1))
    (pad 2 smd roundrect (at 1.025 0 270) (size 1.15 1.4) (layers B.Cu B.Paste B.Mask) (roundrect_rratio 0.217391)
      (net 30 D9))
    (pad 1 smd roundrect (at -1.025 0 270) (size 1.15 1.4) (layers B.Cu B.Paste B.Mask) (roundrect_rratio 0.217391)
      (net 36 "Net-(Q2-Pad1)"))
    (model ${KISYS3DMOD}/Resistor_SMD.3dshapes/R_0805_2012Metric.wrl
      (at (xyz 0 0 0))
      (scale (xyz 1 1 1))
      (rotate (xyz 0 0 0))
    )
  )

  (module Resistor_SMD:R_0805_2012Metric_Pad1.15x1.40mm_HandSolder (layer B.Cu) (tedit 5B36C52B) (tstamp 60E1259C)
    (at 153.5458 79.883 270)
    (descr "Resistor SMD 0805 (2012 Metric), square (rectangular) end terminal, IPC_7351 nominal with elongated pad for handsoldering. (Body size source: https://docs.google.com/spreadsheets/d/1BsfQQcO9C6DZCsRaXUlFlo91Tg2WpOkGARC1WS5S8t0/edit?usp=sharing), generated with kicad-footprint-generator")
    (tags "resistor handsolder")
    (path /60E4C62E)
    (attr smd)
    (fp_text reference R5 (at -2.4892 0) (layer B.SilkS)
      (effects (font (size 1 1) (thickness 0.15)) (justify mirror))
    )
    (fp_text value 10K (at 0 -1.65 270) (layer B.Fab)
      (effects (font (size 1 1) (thickness 0.15)) (justify mirror))
    )
    (fp_text user %R (at 0 0 270) (layer B.Fab)
      (effects (font (size 0.5 0.5) (thickness 0.08)) (justify mirror))
    )
    (fp_line (start 1.85 -0.95) (end -1.85 -0.95) (layer B.CrtYd) (width 0.05))
    (fp_line (start 1.85 0.95) (end 1.85 -0.95) (layer B.CrtYd) (width 0.05))
    (fp_line (start -1.85 0.95) (end 1.85 0.95) (layer B.CrtYd) (width 0.05))
    (fp_line (start -1.85 -0.95) (end -1.85 0.95) (layer B.CrtYd) (width 0.05))
    (fp_line (start -0.261252 -0.71) (end 0.261252 -0.71) (layer B.SilkS) (width 0.12))
    (fp_line (start -0.261252 0.71) (end 0.261252 0.71) (layer B.SilkS) (width 0.12))
    (fp_line (start 1 -0.6) (end -1 -0.6) (layer B.Fab) (width 0.1))
    (fp_line (start 1 0.6) (end 1 -0.6) (layer B.Fab) (width 0.1))
    (fp_line (start -1 0.6) (end 1 0.6) (layer B.Fab) (width 0.1))
    (fp_line (start -1 -0.6) (end -1 0.6) (layer B.Fab) (width 0.1))
    (pad 2 smd roundrect (at 1.025 0 270) (size 1.15 1.4) (layers B.Cu B.Paste B.Mask) (roundrect_rratio 0.217391)
      (net 32 D10))
    (pad 1 smd roundrect (at -1.025 0 270) (size 1.15 1.4) (layers B.Cu B.Paste B.Mask) (roundrect_rratio 0.217391)
      (net 35 "Net-(Q1-Pad1)"))
    (model ${KISYS3DMOD}/Resistor_SMD.3dshapes/R_0805_2012Metric.wrl
      (at (xyz 0 0 0))
      (scale (xyz 1 1 1))
      (rotate (xyz 0 0 0))
    )
  )

  (module Package_SO:SOIC-16W_7.5x10.3mm_P1.27mm (layer B.Cu) (tedit 5A02F2D3) (tstamp 60E1267E)
    (at 155.956 88.2904 90)
    (descr "16-Lead Plastic Small Outline (SO) - Wide, 7.50 mm Body [SOIC] (see Microchip Packaging Specification 00000049BS.pdf)")
    (tags "SOIC 1.27")
    (path /60D30B44)
    (attr smd)
    (fp_text reference U3 (at -4.7244 5.8928 270) (layer B.SilkS)
      (effects (font (size 1 1) (thickness 0.15)) (justify mirror))
    )
    (fp_text value DS3231M (at 0 -6.25 90) (layer B.Fab)
      (effects (font (size 1 1) (thickness 0.15)) (justify mirror))
    )
    (fp_text user %R (at 0 0 90) (layer B.Fab)
      (effects (font (size 1 1) (thickness 0.15)) (justify mirror))
    )
    (fp_line (start -2.75 5.15) (end 3.75 5.15) (layer B.Fab) (width 0.15))
    (fp_line (start 3.75 5.15) (end 3.75 -5.15) (layer B.Fab) (width 0.15))
    (fp_line (start 3.75 -5.15) (end -3.75 -5.15) (layer B.Fab) (width 0.15))
    (fp_line (start -3.75 -5.15) (end -3.75 4.15) (layer B.Fab) (width 0.15))
    (fp_line (start -3.75 4.15) (end -2.75 5.15) (layer B.Fab) (width 0.15))
    (fp_line (start -5.65 5.5) (end -5.65 -5.5) (layer B.CrtYd) (width 0.05))
    (fp_line (start 5.65 5.5) (end 5.65 -5.5) (layer B.CrtYd) (width 0.05))
    (fp_line (start -5.65 5.5) (end 5.65 5.5) (layer B.CrtYd) (width 0.05))
    (fp_line (start -5.65 -5.5) (end 5.65 -5.5) (layer B.CrtYd) (width 0.05))
    (fp_line (start -3.875 5.325) (end -3.875 5.05) (layer B.SilkS) (width 0.15))
    (fp_line (start 3.875 5.325) (end 3.875 4.97) (layer B.SilkS) (width 0.15))
    (fp_line (start 3.875 -5.325) (end 3.875 -4.97) (layer B.SilkS) (width 0.15))
    (fp_line (start -3.875 -5.325) (end -3.875 -4.97) (layer B.SilkS) (width 0.15))
    (fp_line (start -3.875 5.325) (end 3.875 5.325) (layer B.SilkS) (width 0.15))
    (fp_line (start -3.875 -5.325) (end 3.875 -5.325) (layer B.SilkS) (width 0.15))
    (fp_line (start -3.875 5.05) (end -5.4 5.05) (layer B.SilkS) (width 0.15))
    (pad 1 smd rect (at -4.65 4.445 90) (size 1.5 0.6) (layers B.Cu B.Paste B.Mask)
      (net 37 "Net-(U3-Pad1)"))
    (pad 2 smd rect (at -4.65 3.175 90) (size 1.5 0.6) (layers B.Cu B.Paste B.Mask)
      (net 2 VCC))
    (pad 3 smd rect (at -4.65 1.905 90) (size 1.5 0.6) (layers B.Cu B.Paste B.Mask)
      (net 38 "Net-(U3-Pad3)"))
    (pad 4 smd rect (at -4.65 0.635 90) (size 1.5 0.6) (layers B.Cu B.Paste B.Mask)
      (net 39 "Net-(U3-Pad4)"))
    (pad 5 smd rect (at -4.65 -0.635 90) (size 1.5 0.6) (layers B.Cu B.Paste B.Mask)
      (net 1 GND))
    (pad 6 smd rect (at -4.65 -1.905 90) (size 1.5 0.6) (layers B.Cu B.Paste B.Mask)
      (net 1 GND))
    (pad 7 smd rect (at -4.65 -3.175 90) (size 1.5 0.6) (layers B.Cu B.Paste B.Mask)
      (net 1 GND))
    (pad 8 smd rect (at -4.65 -4.445 90) (size 1.5 0.6) (layers B.Cu B.Paste B.Mask)
      (net 1 GND))
    (pad 9 smd rect (at 4.65 -4.445 90) (size 1.5 0.6) (layers B.Cu B.Paste B.Mask)
      (net 1 GND))
    (pad 10 smd rect (at 4.65 -3.175 90) (size 1.5 0.6) (layers B.Cu B.Paste B.Mask)
      (net 1 GND))
    (pad 11 smd rect (at 4.65 -1.905 90) (size 1.5 0.6) (layers B.Cu B.Paste B.Mask)
      (net 1 GND))
    (pad 12 smd rect (at 4.65 -0.635 90) (size 1.5 0.6) (layers B.Cu B.Paste B.Mask)
      (net 1 GND))
    (pad 13 smd rect (at 4.65 0.635 90) (size 1.5 0.6) (layers B.Cu B.Paste B.Mask)
      (net 1 GND))
    (pad 14 smd rect (at 4.65 1.905 90) (size 1.5 0.6) (layers B.Cu B.Paste B.Mask)
      (net 43 "Net-(BT1-Pad1)"))
    (pad 15 smd rect (at 4.65 3.175 90) (size 1.5 0.6) (layers B.Cu B.Paste B.Mask)
      (net 29 SDA))
    (pad 16 smd rect (at 4.65 4.445 90) (size 1.5 0.6) (layers B.Cu B.Paste B.Mask)
      (net 27 SCL))
    (model ${KISYS3DMOD}/Package_SO.3dshapes/SOIC-16W_7.5x10.3mm_P1.27mm.wrl
      (at (xyz 0 0 0))
      (scale (xyz 1 1 1))
      (rotate (xyz 0 0 0))
    )
  )

  (module Capacitor_SMD:C_0805_2012Metric_Pad1.15x1.40mm_HandSolder (layer B.Cu) (tedit 5B36C52B) (tstamp 60E123FC)
    (at 129.7432 94.7928 315)
    (descr "Capacitor SMD 0805 (2012 Metric), square (rectangular) end terminal, IPC_7351 nominal with elongated pad for handsoldering. (Body size source: https://docs.google.com/spreadsheets/d/1BsfQQcO9C6DZCsRaXUlFlo91Tg2WpOkGARC1WS5S8t0/edit?usp=sharing), generated with kicad-footprint-generator")
    (tags "capacitor handsolder")
    (path /60D74B4F)
    (attr smd)
    (fp_text reference C3 (at -0.017961 1.670328 315) (layer B.SilkS)
      (effects (font (size 1 1) (thickness 0.15)) (justify mirror))
    )
    (fp_text value 0.1uF (at 0 -1.65 315) (layer B.Fab)
      (effects (font (size 1 1) (thickness 0.15)) (justify mirror))
    )
    (fp_line (start -1 -0.6) (end -1 0.6) (layer B.Fab) (width 0.1))
    (fp_line (start -1 0.6) (end 1 0.6) (layer B.Fab) (width 0.1))
    (fp_line (start 1 0.6) (end 1 -0.6) (layer B.Fab) (width 0.1))
    (fp_line (start 1 -0.6) (end -1 -0.6) (layer B.Fab) (width 0.1))
    (fp_line (start -0.261252 0.71) (end 0.261252 0.71) (layer B.SilkS) (width 0.12))
    (fp_line (start -0.261252 -0.71) (end 0.261252 -0.71) (layer B.SilkS) (width 0.12))
    (fp_line (start -1.85 -0.95) (end -1.85 0.95) (layer B.CrtYd) (width 0.05))
    (fp_line (start -1.85 0.95) (end 1.85 0.95) (layer B.CrtYd) (width 0.05))
    (fp_line (start 1.85 0.95) (end 1.85 -0.95) (layer B.CrtYd) (width 0.05))
    (fp_line (start 1.85 -0.95) (end -1.85 -0.95) (layer B.CrtYd) (width 0.05))
    (fp_text user %R (at 0 0 315) (layer B.Fab)
      (effects (font (size 0.5 0.5) (thickness 0.08)) (justify mirror))
    )
    (pad 1 smd roundrect (at -1.025 0 315) (size 1.15 1.4) (layers B.Cu B.Paste B.Mask) (roundrect_rratio 0.217391)
      (net 3 AREF))
    (pad 2 smd roundrect (at 1.025 0 315) (size 1.15 1.4) (layers B.Cu B.Paste B.Mask) (roundrect_rratio 0.217391)
      (net 1 GND))
    (model ${KISYS3DMOD}/Capacitor_SMD.3dshapes/C_0805_2012Metric.wrl
      (at (xyz 0 0 0))
      (scale (xyz 1 1 1))
      (rotate (xyz 0 0 0))
    )
  )

  (module Capacitor_SMD:C_0805_2012Metric_Pad1.15x1.40mm_HandSolder (layer B.Cu) (tedit 5B36C52B) (tstamp 60E123C7)
    (at 121.3425 104.8004 90)
    (descr "Capacitor SMD 0805 (2012 Metric), square (rectangular) end terminal, IPC_7351 nominal with elongated pad for handsoldering. (Body size source: https://docs.google.com/spreadsheets/d/1BsfQQcO9C6DZCsRaXUlFlo91Tg2WpOkGARC1WS5S8t0/edit?usp=sharing), generated with kicad-footprint-generator")
    (tags "capacitor handsolder")
    (path /60D31A2B)
    (attr smd)
    (fp_text reference C1 (at 0 1.2954 270 unlocked) (layer B.SilkS)
      (effects (font (size 1 1) (thickness 0.15)) (justify mirror))
    )
    (fp_text value 0.1uF (at 0 -1.65 90) (layer B.Fab)
      (effects (font (size 1 1) (thickness 0.15)) (justify mirror))
    )
    (fp_text user %R (at 0 0 90) (layer B.Fab)
      (effects (font (size 0.5 0.5) (thickness 0.08)) (justify mirror))
    )
    (fp_line (start 1.85 -0.95) (end -1.85 -0.95) (layer B.CrtYd) (width 0.05))
    (fp_line (start 1.85 0.95) (end 1.85 -0.95) (layer B.CrtYd) (width 0.05))
    (fp_line (start -1.85 0.95) (end 1.85 0.95) (layer B.CrtYd) (width 0.05))
    (fp_line (start -1.85 -0.95) (end -1.85 0.95) (layer B.CrtYd) (width 0.05))
    (fp_line (start -0.261252 -0.71) (end 0.261252 -0.71) (layer B.SilkS) (width 0.12))
    (fp_line (start -0.261252 0.71) (end 0.261252 0.71) (layer B.SilkS) (width 0.12))
    (fp_line (start 1 -0.6) (end -1 -0.6) (layer B.Fab) (width 0.1))
    (fp_line (start 1 0.6) (end 1 -0.6) (layer B.Fab) (width 0.1))
    (fp_line (start -1 0.6) (end 1 0.6) (layer B.Fab) (width 0.1))
    (fp_line (start -1 -0.6) (end -1 0.6) (layer B.Fab) (width 0.1))
    (pad 2 smd roundrect (at 1.025 0 90) (size 1.15 1.4) (layers B.Cu B.Paste B.Mask) (roundrect_rratio 0.217391)
      (net 1 GND))
    (pad 1 smd roundrect (at -1.025 0 90) (size 1.15 1.4) (layers B.Cu B.Paste B.Mask) (roundrect_rratio 0.217391)
      (net 40 DCIN))
    (model ${KISYS3DMOD}/Capacitor_SMD.3dshapes/C_0805_2012Metric.wrl
      (at (xyz 0 0 0))
      (scale (xyz 1 1 1))
      (rotate (xyz 0 0 0))
    )
  )

  (module Capacitor_SMD:C_0805_2012Metric_Pad1.15x1.40mm_HandSolder (layer B.Cu) (tedit 5B36C52B) (tstamp 60E1240D)
    (at 139.3698 80.2386 225)
    (descr "Capacitor SMD 0805 (2012 Metric), square (rectangular) end terminal, IPC_7351 nominal with elongated pad for handsoldering. (Body size source: https://docs.google.com/spreadsheets/d/1BsfQQcO9C6DZCsRaXUlFlo91Tg2WpOkGARC1WS5S8t0/edit?usp=sharing), generated with kicad-footprint-generator")
    (tags "capacitor handsolder")
    (path /60D2A36A)
    (attr smd)
    (fp_text reference C4 (at -2.514472 0 135) (layer B.SilkS)
      (effects (font (size 1 1) (thickness 0.15)) (justify mirror))
    )
    (fp_text value 22pF (at 0 -1.65 225) (layer B.Fab)
      (effects (font (size 1 1) (thickness 0.15)) (justify mirror))
    )
    (fp_line (start -1 -0.6) (end -1 0.6) (layer B.Fab) (width 0.1))
    (fp_line (start -1 0.6) (end 1 0.6) (layer B.Fab) (width 0.1))
    (fp_line (start 1 0.6) (end 1 -0.6) (layer B.Fab) (width 0.1))
    (fp_line (start 1 -0.6) (end -1 -0.6) (layer B.Fab) (width 0.1))
    (fp_line (start -0.261252 0.71) (end 0.261252 0.71) (layer B.SilkS) (width 0.12))
    (fp_line (start -0.261252 -0.71) (end 0.261252 -0.71) (layer B.SilkS) (width 0.12))
    (fp_line (start -1.85 -0.95) (end -1.85 0.95) (layer B.CrtYd) (width 0.05))
    (fp_line (start -1.85 0.95) (end 1.85 0.95) (layer B.CrtYd) (width 0.05))
    (fp_line (start 1.85 0.95) (end 1.85 -0.95) (layer B.CrtYd) (width 0.05))
    (fp_line (start 1.85 -0.95) (end -1.85 -0.95) (layer B.CrtYd) (width 0.05))
    (fp_text user %R (at 0 0 225) (layer B.Fab)
      (effects (font (size 0.5 0.5) (thickness 0.08)) (justify mirror))
    )
    (pad 1 smd roundrect (at -1.025 0 225) (size 1.15 1.4) (layers B.Cu B.Paste B.Mask) (roundrect_rratio 0.217391)
      (net 1 GND))
    (pad 2 smd roundrect (at 1.025 0 225) (size 1.15 1.4) (layers B.Cu B.Paste B.Mask) (roundrect_rratio 0.217391)
      (net 45 "Net-(C4-Pad2)"))
    (model ${KISYS3DMOD}/Capacitor_SMD.3dshapes/C_0805_2012Metric.wrl
      (at (xyz 0 0 0))
      (scale (xyz 1 1 1))
      (rotate (xyz 0 0 0))
    )
  )

  (module Capacitor_SMD:C_0805_2012Metric_Pad1.15x1.40mm_HandSolder (layer B.Cu) (tedit 5B36C52B) (tstamp 60E1241E)
    (at 144.0688 84.6328 225)
    (descr "Capacitor SMD 0805 (2012 Metric), square (rectangular) end terminal, IPC_7351 nominal with elongated pad for handsoldering. (Body size source: https://docs.google.com/spreadsheets/d/1BsfQQcO9C6DZCsRaXUlFlo91Tg2WpOkGARC1WS5S8t0/edit?usp=sharing), generated with kicad-footprint-generator")
    (tags "capacitor handsolder")
    (path /60D2A888)
    (attr smd)
    (fp_text reference C5 (at -2.54 0 -45) (layer B.SilkS)
      (effects (font (size 1 1) (thickness 0.15)) (justify mirror))
    )
